39.9042 116.4074 0
31.2304 121.4737 0
34.3416 108.9402 0
26.0745 119.2965 0
26.08 103.84 0
48.81 126.54 0
43.83 87.62 0
39.47 76 0
29.66 91.18 0
24.8801 102.8329 0
22.8246 108.32 0
20.05 110.21 0
49.22 119.74 0
59.9343 30.3351 0
55.7558 37.6176 0
52.2813 104.3381 0
52.2297 21.0122 0
52.0976 23.7017 0
47.9185 106.8832 0
49.6116 6.1296 0
43.222 76.928 0
43.1155 131.8924 0
41.2995 69.2676 0
41.0082 28.9784 0
40.5621 72.7988 0
39.9334 32.8597 0
38.7223 -9.1393 0
38.5801 68.7738 0
38.03 23.73 0
37.8715 40.2129 0
35.6895 51.389 0
35.2002 129.0797 0
35.1796 129.0756 0
32.158 129.985 0
31.2156 29.9221 0
28.968 50.8376 0
28.6139 77.209 0
25.276987 51.531 0
25.276987 55.296249 0
25.276987 50.2296 0
24.7136 46.6753 0
23.8103 90.4125 0
22.5726 88.3639 0
22.5208 88.1648 0
21.3891 39.2192 0
21.176 95.9799 0
21.0285 105.8286 0
20.682 95.9625 0
19.076 72.8777 0
17.9757 102.4955 0
15.5007 32.5383 0
13.7367 100.5232 0
12.9716 77.5946 0
11.6084 43.1411 0
6.9271 79.9612 0
3.7735 103.3834 0
3.139 101.6932 0
1.3521 103.8532 0
-1.2921 36.8219 0
-6.1745 106.8227 0
